00101010
01010001
00000101
00010011
00101010
01010010
00000101
10010011
00111010
01010000
00001000
00010011
00101011
11010000
00001000
10010011
00111010
01010000
00001001
00010011
00101011
00110000
00001001
10010011
00111011
01010000
00001010
00010011
01111010
11010000
00001010
10010011
00000000
10100101
10000110
01100011
01111111
11110000
00001100
00010011
01111111
11110000
00001100
10010011
01111111
11110000
00001101
00010011
01111111
11110000
00001101
10010011
01111111
11110000
00001110
00010011
00111010
01010000
00001000
00010011
00101011
11010000
00001000
10010011
00111010
01010000
00001001
00010011
00101011
00110000
00001001
10010011
00111011
01010000
00001010
00010011
01111010
11010000
00001010
10010011
11111111
11111111
11111111
11111111
