00101010010100010000010100010011
00101010010100100000010110010011
00111010010100000000100000010011
00101011110100000000100010010011
00111010010100000000100100010011
00101011001100000000100110010011
00111011010100000000101000010011
01111010110100000000101010010011
00000000101001011000011001100011
01111111111100000000110000010011
01111111111100000000110010010011
01111111111100000000110100010011
01111111111100000000110110010011
01111111111100000000111000010011
00111010010100000000100000010011
00101011110100000000100010010011
00111010010100000000100100010011
00101011001100000000100110010011
00111011010100000000101000010011
01111010110100000000101010010011
11111111111111111111111111111111